01011011000110110100110110110101
11000101110101000011010011101010
11110101101001101011100111000010
10000000010110001001010111010010
10011011100100100011100000010110
11011010001011110001010010010000
10111111000101111001101001110101
10100100111001111110010001010001
00110000000110011111101111110001
00011100000001000100011011010111
11101010110011001100101011011010
01001000111010110011000100001001
10110100100010100011001000110010
01001111111001011110100001000000
10011101101010001110110101011001
01000011111001100110011101000100
11111110001011001100100111101011
00101100011001000011101010001010
00000001010111001010111010000100
01000110101011011000111110101010
