00101101010111000001111100101111
00010000011001000011101101000100
00000000110111111101111010000001
00011111011100001101101110100001
11011100111111110111011101101010
01010100010010110000110011001110
11101001011001011101101110111011
01000010111111110101011001001001
10010001100100100111011001011010
10111011111001000111101001101101
01000100101011001100011110100100
01011111101000110011110111101001
10011000011100100111010000010101
11010111000000011001001110001100
01101001010000011101001010111100
00101011011000001101101101111111
10101100001111000000000101110101
01010101010011011111100100011110
11000011110101000100110001010011
11111101010100110010000101010100
