10001000011101110110110011100100
11010110001110000111000000101111
11110110100001101001100001000011
10011111110010010111000101110011
01111000100100011010111110000001
00101110011110100010000101011110
10101000011111010111011000110001
11100111111001110011101010011011
11000001101011000111001001001011
11010111111010001100000101000101
00101111011110011001001001111111
10101000100011100110111011110010
01001100111111001010011001001000
00100110111001110111101111001101
00000110111010101100000000010101
01101111010001110100001011000100
10101010011010001100101101100001
10000001101100100011001110101000
11000101001100001111101011010111
01000100000000001011000011111110
